           2073.6582           4229.1494
           1981.8259           3864.9888
           2047.4896           3509.8494
           2061.0537           3219.5020
           2188.3926           2964.0364
           2385.6179           2849.0862
           2671.8420           2451.4399
           2804.8450           2243.2881
           2663.8972           2029.9100
           3142.4661           1855.4700
           3590.6562           1905.3601
           3890.2759           2120.1157
           4082.1584           1969.0942
           4405.8330           2238.4414
           4618.8320           2436.9844
           4810.5908           2786.5144
           4719.1768           3033.1438
           4867.8848           3287.0227
           5000.1177           3620.2417
           4968.5942           3915.9443
           4877.8843           4282.3003
           4721.0425           4559.9199
           4528.6572           4781.2461
           4368.5273           4834.0933
           4044.3521           5007.3032
           3776.8145           5114.6016
           3455.8679           5164.6104
           3152.7493           5124.5088
           2863.8901           5012.9287
           2607.5278           4859.5298
           2408.6194           4666.5767
           2260.7534           4388.5825
           2770.0959           3926.8711
           2842.0669           3593.8772
           2758.0654           3519.8843
           2776.2673           3385.7136
           2772.3120           3256.4390
           2897.3716           3046.7312
           3011.4519           2934.8401
           3126.0022           2848.6201
           3259.3655           2779.9021
           3487.8022           2917.1865
           3626.2468           2780.7324
           3691.9946           2838.4219
           3816.7883           2834.6577
           3964.9734           2866.7698
           4074.8354           3014.3762
           4058.8691           3169.8875
           4243.6040           3314.0874
           4278.9512           3447.4304
           4273.5146           3612.1970
           4188.0513           3729.1423
           4197.1470           3893.4158
           4116.2764           4059.7625
           4037.6089           4150.9746
           3908.5535           4187.5742
           3791.1650           4319.7305
           3626.4436           4391.7109
           3485.1816           4383.5913
           3339.5273           4360.3833
           3204.0381           4317.7534
           3077.3875           4176.2065
           2955.4678           4080.2334
           2869.3669           3972.0139
