           2770.0959           3926.8711
           2842.0669           3593.8772
           2758.0654           3519.8843
           2776.2673           3385.7136
           2772.3120           3256.4390
           2897.3716           3046.7312
           3011.4519           2934.8401
           3126.0022           2848.6201
           3259.3655           2779.9021
           3487.8022           2917.1865
           3626.2468           2780.7324
           3691.9946           2838.4219
           3816.7883           2834.6577
           3964.9734           2866.7698
           4074.8354           3014.3762
           4058.8691           3169.8875
           4243.6040           3314.0874
           4278.9512           3447.4304
           4273.5146           3612.1970
           4188.0513           3729.1423
           4197.1470           3893.4158
           4116.2764           4059.7625
           4037.6089           4150.9746
           3908.5535           4187.5742
           3791.1650           4319.7305
           3626.4436           4391.7109
           3485.1816           4383.5913
           3339.5273           4360.3833
           3204.0381           4317.7534
           3077.3875           4176.2065
           2955.4678           4080.2334
           2869.3669           3972.0139
           3848.1506           3599.2505
           3787.9092           3646.2053
           3905.7124           3751.2634
           3824.9863           3748.8845
           3772.7847           3830.2290
           3725.9375           3910.5291
           3692.6050           3963.2197
           3538.9580           3869.2290
           3496.6689           4005.1946
           3439.6143           3963.5593
           3358.4312           3932.9856
           3316.1262           3882.1128
           3281.5159           3808.4514
           3263.8303           3755.8862
           3224.4724           3699.7917
           3150.0051           3630.4583
           3124.3752           3527.1843
           3173.3364           3484.7473
           3158.2102           3424.7642
           3219.4197           3280.6743
           3306.5879           3301.0461
           3377.8325           3156.9509
           3433.0850           3219.4800
           3482.9202           3191.0735
           3535.2615           3137.4504
           3537.2864           3173.3801
           3627.7900           3227.9119
           3729.2883           3195.1909
           3769.2886           3255.1545
           3830.0017           3282.3315
           3829.8911           3428.0559
           3781.0779           3450.7161
