           3848.1506           3599.2505
           3787.9092           3646.2053
           3905.7124           3751.2634
           3824.9863           3748.8845
           3772.7847           3830.2290
           3725.9375           3910.5291
           3692.6050           3963.2197
           3538.9580           3869.2290
           3496.6689           4005.1946
           3439.6143           3963.5593
           3358.4312           3932.9856
           3316.1262           3882.1128
           3281.5159           3808.4514
           3263.8303           3755.8862
           3224.4724           3699.7917
           3150.0051           3630.4583
           3124.3752           3527.1843
           3173.3364           3484.7473
           3158.2102           3424.7642
           3219.4197           3280.6743
           3306.5879           3301.0461
           3377.8325           3156.9509
           3433.0850           3219.4800
           3482.9202           3191.0735
           3535.2615           3137.4504
           3537.2864           3173.3801
           3627.7900           3227.9119
           3729.2883           3195.1909
           3769.2886           3255.1545
           3830.0017           3282.3315
           3829.8911           3428.0559
           3781.0779           3450.7161
           3658.6470           3539.9023
           3639.2783           3572.4746
           3741.9944           3633.4353
           3628.1580           3648.3374
           3639.9851           3671.9128
           3649.3354           3709.3433
           3586.9893           3729.7603
           3556.8423           3739.9312
           3513.4001           3727.4082
           3500.1050           3720.4087
           3447.0447           3713.4863
           3429.0615           3720.4543
           3424.8821           3684.2551
           3402.7739           3659.9705
           3354.1699           3616.6021
           3340.9165           3576.3738
           3347.2488           3553.6484
           3382.4019           3513.6440
           3350.1519           3479.8975
           3384.1775           3442.4819
           3407.7334           3432.4529
           3436.6072           3387.2134
           3466.0903           3372.6963
           3488.9221           3378.5603
           3547.3220           3339.8657
           3551.5608           3378.1440
           3601.5312           3372.7107
           3587.2061           3437.3835
           3663.9370           3420.0112
           3650.4363           3444.2427
           3664.9695           3483.1448
           3709.3088           3519.8726
