           3658.6470           3539.9023
           3639.2783           3572.4746
           3741.9944           3633.4353
           3628.1580           3648.3374
           3639.9851           3671.9128
           3649.3354           3709.3433
           3586.9893           3729.7603
           3556.8423           3739.9312
           3513.4001           3727.4082
           3500.1050           3720.4087
           3447.0447           3713.4863
           3429.0615           3720.4543
           3424.8821           3684.2551
           3402.7739           3659.9705
           3354.1699           3616.6021
           3340.9165           3576.3738
           3347.2488           3553.6484
           3382.4019           3513.6440
           3350.1519           3479.8975
           3384.1775           3442.4819
           3407.7334           3432.4529
           3436.6072           3387.2134
           3466.0903           3372.6963
           3488.9221           3378.5603
           3547.3220           3339.8657
           3551.5608           3378.1440
           3601.5312           3372.7107
           3587.2061           3437.3835
           3663.9370           3420.0112
           3650.4363           3444.2427
           3664.9695           3483.1448
           3709.3088           3519.8726
           3599.1042           3548.6833
           3612.6624           3559.3120
           3593.6182           3585.3379
           3536.6951           3632.1809
           3509.0000           3646.5000
           3446.4568           3545.4607
           3435.3027           3515.6816
           3544.0925           3451.5251
           3567.3811           3477.0552
           3587.1572           3599.6228
           3578.3872           3614.7249
           3560.3296           3624.0559
           3551.3975           3636.6492
           3498.3794           3635.3745
           3480.3835           3625.5271
           3465.8940           3621.5266
           3454.8716           3608.7749
           3449.4131           3593.3474
           3443.4727           3579.3582
           3445.4287           3560.7129
           3449.3335           3506.1335
           3461.4321           3496.0684
           3469.6118           3482.1196
           3483.4722           3473.4900
           3493.2922           3461.5051
           3508.7942           3451.5530
           3523.0984           3467.8291
           3581.5764           3482.5525
           3582.5369           3506.7097
           3593.3884           3517.4514
           3595.6926           3533.8987
           3572.2922           3547.6306
