           3599.1042           3548.6833
           3606.1624           3565.8120
           3593.6182           3585.3379
           3586.3455           3600.1194
           3579.3809           3614.7568
           3562.8135           3623.4055
           3552.6067           3636.1348
           3536.6951           3632.1809
           3513.2734           3638.8413
           3498.3794           3635.3745
           3484.8711           3627.7097
           3468.5439           3619.4111
           3459.3491           3606.2063
           3448.2888           3594.9573
           3442.6558           3578.6516
           3441.8782           3562.6279
           3442.1567           3541.1606
           3442.3027           3519.6816
           3452.9724           3506.7427
           3459.4253           3491.9333
           3468.6252           3478.5603
           3482.8591           3471.2285
           3496.3501           3463.4531
           3509.4314           3453.8394
           3525.0774           3463.0669
           3546.0925           3463.5251
           3566.3433           3475.9309
           3580.6348           3486.5088
           3584.9675           3502.8459
           3593.9829           3516.4146
           3595.7231           3532.5295
           3572.0337           3547.0195
           3564.4321           3565.9832
           3562.6943           3584.2688
           3561.0730           3600.1902
           3540.6499           3604.6724
           3524.7856           3607.8652
           3495.4287           3608.1729
           3485.2104           3591.0942
           3468.3191           3592.9160
           3474.9016           3569.6184
           3454.8296           3556.2231
           3465.5095           3533.9297
           3472.0349           3515.0645
           3486.7903           3496.6821
           3501.8684           3497.1025
           3520.2754           3491.9382
           3540.8169           3496.0010
           3556.1362           3494.9456
           3571.6252           3508.5183
           3575.4382           3530.9749
           3542.2156           3558.3516
           3538.6360           3587.0042
           3516.3298           3594.0691
           3506.5823           3580.5513
           3494.0034           3563.4648
           3480.0554           3548.1350
           3502.8909           3539.8604
           3493.1057           3520.2224
           3518.2966           3515.9673
           3533.3357           3518.5796
           3551.2441           3528.7195
           3551.8157           3544.8799
           3524.5518           3544.9414
